              1   0.9995319995
              2   0.9989584312
              3   0.9977831278
              4   0.9960067970
              5   0.9936305091
              6   0.9906556952
              7   0.9870841474
              8   0.9829180171
              9   0.9781598136
             10   0.9728124033
             11   0.9668790072
             12   0.9603631993
             13   0.9532689045
             14   0.9456003962
             15   0.9373622935
             16   0.9285595589
             17   0.9191974947
             18   0.9092817403
             19   0.8988182686
             20   0.8878133823
             21   0.8762737105
             22   0.8642062042
             23   0.8516181323
             24   0.8385170776
             25   0.8249109315
             26   0.8108078899
             27   0.7962164480
             28   0.7811453950
             29   0.7656038093
             30   0.7496010524
             31   0.7331467639
             32   0.7162508553
             33   0.6989235038
             34   0.6811751470
             35   0.6630164758
             36   0.6444584282
             37   0.6255121830
             38   0.6061891526
             39   0.5865009765
             40   0.5664595142
             41   0.5460768379
             42   0.5253652253
             43   0.5043371523
             44   0.4830052855
             45   0.4613824743
             46   0.4394817436
             47   0.4173162855
             48   0.3948994517
             49   0.3722447453
             50   0.3493658125
             51   0.3262764348
             52   0.3029905204
             53   0.2795220959
             54   0.2558852977
             55   0.2320943637
             56   0.2081636248
             57   0.1841074959
             58   0.1599404675
             59   0.1356770970
             60   0.1113319996
             61   0.0869198401
             62   0.0624553232
             63   0.0379531857
             64   0.0134281865
             65  -0.0111049013
             66  -0.0356312999
             67  -0.0601362356
             68  -0.0846049475
             69  -0.1090226964
             70  -0.1333747742
             71  -0.1576465121
             72  -0.1818232895
             73  -0.2058905434
             74  -0.2298337765
             75  -0.2536385664
             76  -0.2772905739
             77  -0.3007755519
             78  -0.3240793539
             79  -0.3471879427
             80  -0.3700873984
             81  -0.3927639274
             82  -0.4152038700
             83  -0.4373937093
             84  -0.4593200791
             85  -0.4809697715
             86  -0.5023297458
             87  -0.5233871354
             88  -0.5441292562
             89  -0.5645436139
             90  -0.5846179116
             91  -0.6043400573
             92  -0.6236981712
             93  -0.6426805926
             94  -0.6612758873
             95  -0.6794728541
             96  -0.6972605318
             97  -0.7146282059
             98  -0.7315654147
             99  -0.7480619558
            100  -0.7641078924
            101  -0.7796935589
            102  -0.7948095672
            103  -0.8094468120
            104  -0.8235964762
            105  -0.8372500367
            106  -0.8503992691
            107  -0.8630362528
            108  -0.8751533758
            109  -0.8867433390
            110  -0.8977991612
            111  -0.9083141828
            112  -0.9182820699
            113  -0.9276968182
            114  -0.9365527566
            115  -0.9448445507
            116  -0.9525672057
            117  -0.9597160699
            118  -0.9662868370
            119  -0.9722755490
            120  -0.9776785986
            121  -0.9824927312
            122  -0.9867150469
            123  -0.9903430023
            124  -0.9933744122
            125  -0.9958074504
            126  -0.9976406515
            127  -0.9988729111
            128  -0.9995034871
            129  -0.9995319995
            130  -0.9989584312
            131  -0.9977831278
            132  -0.9960067970
            133  -0.9936305091
            134  -0.9906556952
            135  -0.9870841474
            136  -0.9829180171
            137  -0.9781598136
            138  -0.9728124033
            139  -0.9668790072
            140  -0.9603631993
            141  -0.9532689045
            142  -0.9456003962
            143  -0.9373622935
            144  -0.9285595589
            145  -0.9191974947
            146  -0.9092817403
            147  -0.8988182686
            148  -0.8878133823
            149  -0.8762737105
            150  -0.8642062042
            151  -0.8516181323
            152  -0.8385170776
            153  -0.8249109315
            154  -0.8108078899
            155  -0.7962164480
            156  -0.7811453950
            157  -0.7656038093
            158  -0.7496010524
            159  -0.7331467639
            160  -0.7162508553
            161  -0.6989235038
            162  -0.6811751470
            163  -0.6630164758
            164  -0.6444584282
            165  -0.6255121830
            166  -0.6061891526
            167  -0.5865009765
            168  -0.5664595142
            169  -0.5460768379
            170  -0.5253652253
            171  -0.5043371523
            172  -0.4830052855
            173  -0.4613824743
            174  -0.4394817436
            175  -0.4173162855
            176  -0.3948994517
            177  -0.3722447453
            178  -0.3493658125
            179  -0.3262764348
            180  -0.3029905204
            181  -0.2795220959
            182  -0.2558852977
            183  -0.2320943637
            184  -0.2081636248
            185  -0.1841074959
            186  -0.1599404675
            187  -0.1356770970
            188  -0.1113319996
            189  -0.0869198401
            190  -0.0624553232
            191  -0.0379531857
            192  -0.0134281865
            193   0.0111049013
            194   0.0356312999
            195   0.0601362356
            196   0.0846049475
            197   0.1090226964
            198   0.1333747742
            199   0.1576465121
            200   0.1818232895
            201   0.2058905434
            202   0.2298337765
            203   0.2536385664
            204   0.2772905739
            205   0.3007755519
            206   0.3240793539
            207   0.3471879427
            208   0.3700873984
            209   0.3927639274
            210   0.4152038700
            211   0.4373937093
            212   0.4593200791
            213   0.4809697715
            214   0.5023297458
            215   0.5233871354
            216   0.5441292562
            217   0.5645436139
            218   0.5846179116
            219   0.6043400573
            220   0.6236981712
            221   0.6426805926
            222   0.6612758873
            223   0.6794728541
            224   0.6972605318
            225   0.7146282059
            226   0.7315654147
            227   0.7480619558
            228   0.7641078924
            229   0.7796935589
            230   0.7948095672
            231   0.8094468120
            232   0.8235964762
            233   0.8372500367
            234   0.8503992691
            235   0.8630362528
            236   0.8751533758
            237   0.8867433390
            238   0.8977991612
            239   0.9083141828
            240   0.9182820699
            241   0.9276968182
            242   0.9365527566
            243   0.9448445507
            244   0.9525672057
            245   0.9597160699
            246   0.9662868370
            247   0.9722755490
            248   0.9776785986
            249   0.9824927312
            250   0.9867150469
            251   0.9903430023
            252   0.9933744122
            253   0.9958074504
            254   0.9976406515
            255   0.9988729111
            256   0.9995034871
            257   0.9995319995
            258   0.9989584312
            259   0.9977831278
            260   0.9960067970
            261   0.9936305091
            262   0.9906556952
            263   0.9870841474
            264   0.9829180171
            265   0.9781598136
            266   0.9728124033
            267   0.9668790072
            268   0.9603631993
            269   0.9532689045
            270   0.9456003962
            271   0.9373622935
            272   0.9285595589
            273   0.9191974947
            274   0.9092817403
            275   0.8988182686
            276   0.8878133823
            277   0.8762737105
            278   0.8642062042
            279   0.8516181323
            280   0.8385170776
            281   0.8249109315
            282   0.8108078899
            283   0.7962164480
            284   0.7811453950
            285   0.7656038093
            286   0.7496010524
            287   0.7331467639
            288   0.7162508553
            289   0.6989235038
            290   0.6811751470
            291   0.6630164758
            292   0.6444584282
            293   0.6255121830
            294   0.6061891526
            295   0.5865009765
            296   0.5664595142
            297   0.5460768379
            298   0.5253652253
            299   0.5043371523
            300   0.4830052855
            301   0.4613824743
            302   0.4394817436
            303   0.4173162855
            304   0.3948994517
            305   0.3722447453
            306   0.3493658125
            307   0.3262764348
            308   0.3029905204
            309   0.2795220959
            310   0.2558852977
            311   0.2320943637
            312   0.2081636248
            313   0.1841074959
            314   0.1599404675
            315   0.1356770970
            316   0.1113319996
            317   0.0869198401
            318   0.0624553232
            319   0.0379531857
            320   0.0134281865
            321  -0.0111049013
            322  -0.0356312999
            323  -0.0601362356
            324  -0.0846049475
            325  -0.1090226964
            326  -0.1333747742
            327  -0.1576465121
            328  -0.1818232895
            329  -0.2058905434
            330  -0.2298337765
            331  -0.2536385664
            332  -0.2772905739
            333  -0.3007755519
            334  -0.3240793539
            335  -0.3471879427
            336  -0.3700873984
            337  -0.3927639274
            338  -0.4152038700
            339  -0.4373937093
            340  -0.4593200791
            341  -0.4809697715
            342  -0.5023297458
            343  -0.5233871354
            344  -0.5441292562
            345  -0.5645436139
            346  -0.5846179116
            347  -0.6043400573
            348  -0.6236981712
            349  -0.6426805926
            350  -0.6612758873
            351  -0.6794728541
            352  -0.6972605318
            353  -0.7146282059
            354  -0.7315654147
            355  -0.7480619558
            356  -0.7641078924
            357  -0.7796935589
            358  -0.7948095672
            359  -0.8094468120
            360  -0.8235964762
            361  -0.8372500367
            362  -0.8503992691
            363  -0.8630362528
            364  -0.8751533758
            365  -0.8867433390
            366  -0.8977991612
            367  -0.9083141828
            368  -0.9182820699
            369  -0.9276968182
            370  -0.9365527566
            371  -0.9448445507
            372  -0.9525672057
            373  -0.9597160699
            374  -0.9662868370
            375  -0.9722755490
            376  -0.9776785986
            377  -0.9824927312
            378  -0.9867150469
            379  -0.9903430023
            380  -0.9933744122
            381  -0.9958074504
            382  -0.9976406515
            383  -0.9988729111
            384  -0.9995034871
            385  -0.9995319995
            386  -0.9989584312
            387  -0.9977831278
            388  -0.9960067970
            389  -0.9936305091
            390  -0.9906556952
            391  -0.9870841474
            392  -0.9829180171
            393  -0.9781598136
            394  -0.9728124033
            395  -0.9668790072
            396  -0.9603631993
            397  -0.9532689045
            398  -0.9456003962
            399  -0.9373622935
            400  -0.9285595589
            401  -0.9191974947
            402  -0.9092817403
            403  -0.8988182686
            404  -0.8878133823
            405  -0.8762737105
            406  -0.8642062042
            407  -0.8516181323
            408  -0.8385170776
            409  -0.8249109315
            410  -0.8108078899
            411  -0.7962164480
            412  -0.7811453950
            413  -0.7656038093
            414  -0.7496010524
            415  -0.7331467639
            416  -0.7162508553
            417  -0.6989235038
            418  -0.6811751470
            419  -0.6630164758
            420  -0.6444584282
            421  -0.6255121830
            422  -0.6061891526
            423  -0.5865009765
            424  -0.5664595142
            425  -0.5460768379
            426  -0.5253652253
            427  -0.5043371523
            428  -0.4830052855
            429  -0.4613824743
            430  -0.4394817436
            431  -0.4173162855
            432  -0.3948994517
            433  -0.3722447453
            434  -0.3493658125
            435  -0.3262764348
            436  -0.3029905204
            437  -0.2795220959
            438  -0.2558852977
            439  -0.2320943637
            440  -0.2081636248
            441  -0.1841074959
            442  -0.1599404675
            443  -0.1356770970
            444  -0.1113319996
            445  -0.0869198401
            446  -0.0624553232
            447  -0.0379531857
            448  -0.0134281865
            449   0.0111049013
            450   0.0356312999
            451   0.0601362356
            452   0.0846049475
            453   0.1090226964
            454   0.1333747742
            455   0.1576465121
            456   0.1818232895
            457   0.2058905434
            458   0.2298337765
            459   0.2536385664
            460   0.2772905739
            461   0.3007755519
            462   0.3240793539
            463   0.3471879427
            464   0.3700873984
            465   0.3927639274
            466   0.4152038700
            467   0.4373937093
            468   0.4593200791
            469   0.4809697715
            470   0.5023297458
            471   0.5233871354
            472   0.5441292562
            473   0.5645436139
            474   0.5846179116
            475   0.6043400573
            476   0.6236981712
            477   0.6426805926
            478   0.6612758873
            479   0.6794728541
            480   0.6972605318
            481   0.7146282059
            482   0.7315654147
            483   0.7480619558
            484   0.7641078924
            485   0.7796935589
            486   0.7948095672
            487   0.8094468120
            488   0.8235964762
            489   0.8372500367
            490   0.8503992691
            491   0.8630362528
            492   0.8751533758
            493   0.8867433390
            494   0.8977991612
            495   0.9083141828
            496   0.9182820699
            497   0.9276968182
            498   0.9365527566
            499   0.9448445507
            500   0.9525672057
            501   0.9597160699
            502   0.9662868370
            503   0.9722755490
            504   0.9776785986
            505   0.9824927312
            506   0.9867150469
            507   0.9903430023
            508   0.9933744122
            509   0.9958074504
            510   0.9976406515
            511   0.9988729111
            512   0.9995034871
            513   0.9995319995
            514   0.9989584312
            515   0.9977831278
            516   0.9960067970
            517   0.9936305091
            518   0.9906556952
            519   0.9870841474
            520   0.9829180171
            521   0.9781598136
            522   0.9728124033
            523   0.9668790072
            524   0.9603631993
            525   0.9532689045
            526   0.9456003962
            527   0.9373622935
            528   0.9285595589
            529   0.9191974947
            530   0.9092817403
            531   0.8988182686
            532   0.8878133823
            533   0.8762737105
            534   0.8642062042
            535   0.8516181323
            536   0.8385170776
            537   0.8249109315
            538   0.8108078899
            539   0.7962164480
            540   0.7811453950
            541   0.7656038093
            542   0.7496010524
            543   0.7331467639
            544   0.7162508553
            545   0.6989235038
            546   0.6811751470
            547   0.6630164758
            548   0.6444584282
            549   0.6255121830
            550   0.6061891526
            551   0.5865009765
            552   0.5664595142
            553   0.5460768379
            554   0.5253652253
            555   0.5043371523
            556   0.4830052855
            557   0.4613824743
            558   0.4394817436
            559   0.4173162855
            560   0.3948994517
            561   0.3722447453
            562   0.3493658125
            563   0.3262764348
            564   0.3029905204
            565   0.2795220959
            566   0.2558852977
            567   0.2320943637
            568   0.2081636248
            569   0.1841074959
            570   0.1599404675
            571   0.1356770970
            572   0.1113319996
            573   0.0869198401
            574   0.0624553232
            575   0.0379531857
            576   0.0134281865
            577  -0.0111049013
            578  -0.0356312999
            579  -0.0601362356
            580  -0.0846049475
            581  -0.1090226964
            582  -0.1333747742
            583  -0.1576465121
            584  -0.1818232895
            585  -0.2058905434
            586  -0.2298337765
            587  -0.2536385664
            588  -0.2772905739
            589  -0.3007755519
            590  -0.3240793539
            591  -0.3471879427
            592  -0.3700873984
            593  -0.3927639274
            594  -0.4152038700
            595  -0.4373937093
            596  -0.4593200791
            597  -0.4809697715
            598  -0.5023297458
            599  -0.5233871354
            600  -0.5441292562
            601  -0.5645436139
            602  -0.5846179116
            603  -0.6043400573
            604  -0.6236981712
            605  -0.6426805926
            606  -0.6612758873
            607  -0.6794728541
            608  -0.6972605318
            609  -0.7146282059
            610  -0.7315654147
            611  -0.7480619558
            612  -0.7641078924
            613  -0.7796935589
            614  -0.7948095672
            615  -0.8094468120
            616  -0.8235964762
            617  -0.8372500367
            618  -0.8503992691
            619  -0.8630362528
            620  -0.8751533758
            621  -0.8867433390
            622  -0.8977991612
            623  -0.9083141828
            624  -0.9182820699
            625  -0.9276968182
            626  -0.9365527566
            627  -0.9448445507
            628  -0.9525672057
            629  -0.9597160699
            630  -0.9662868370
            631  -0.9722755490
            632  -0.9776785986
            633  -0.9824927312
            634  -0.9867150469
            635  -0.9903430023
            636  -0.9933744122
            637  -0.9958074504
            638  -0.9976406515
            639  -0.9988729111
            640  -0.9995034871
            641  -0.9995319995
            642  -0.9989584312
            643  -0.9977831278
            644  -0.9960067970
            645  -0.9936305091
            646  -0.9906556952
            647  -0.9870841474
            648  -0.9829180171
            649  -0.9781598136
            650  -0.9728124033
            651  -0.9668790072
            652  -0.9603631993
            653  -0.9532689045
            654  -0.9456003962
            655  -0.9373622935
            656  -0.9285595589
            657  -0.9191974947
            658  -0.9092817403
            659  -0.8988182686
            660  -0.8878133823
            661  -0.8762737105
            662  -0.8642062042
            663  -0.8516181323
            664  -0.8385170776
            665  -0.8249109315
            666  -0.8108078899
            667  -0.7962164480
            668  -0.7811453950
            669  -0.7656038093
            670  -0.7496010524
            671  -0.7331467639
            672  -0.7162508553
            673  -0.6989235038
            674  -0.6811751470
            675  -0.6630164758
            676  -0.6444584282
            677  -0.6255121830
            678  -0.6061891526
            679  -0.5865009765
            680  -0.5664595142
            681  -0.5460768379
            682  -0.5253652253
            683  -0.5043371523
            684  -0.4830052855
            685  -0.4613824743
            686  -0.4394817436
            687  -0.4173162855
            688  -0.3948994517
            689  -0.3722447453
            690  -0.3493658125
            691  -0.3262764348
            692  -0.3029905204
            693  -0.2795220959
            694  -0.2558852977
            695  -0.2320943637
            696  -0.2081636248
            697  -0.1841074959
            698  -0.1599404675
            699  -0.1356770970
            700  -0.1113319996
            701  -0.0869198401
            702  -0.0624553232
            703  -0.0379531857
            704  -0.0134281865
            705   0.0111049013
            706   0.0356312999
            707   0.0601362356
            708   0.0846049475
            709   0.1090226964
            710   0.1333747742
            711   0.1576465121
            712   0.1818232895
            713   0.2058905434
            714   0.2298337765
            715   0.2536385664
            716   0.2772905739
            717   0.3007755519
            718   0.3240793539
            719   0.3471879427
            720   0.3700873984
            721   0.3927639274
            722   0.4152038700
            723   0.4373937093
            724   0.4593200791
            725   0.4809697715
            726   0.5023297458
            727   0.5233871354
            728   0.5441292562
            729   0.5645436139
            730   0.5846179116
            731   0.6043400573
            732   0.6236981712
            733   0.6426805926
            734   0.6612758873
            735   0.6794728541
            736   0.6972605318
            737   0.7146282059
            738   0.7315654147
            739   0.7480619558
            740   0.7641078924
            741   0.7796935589
            742   0.7948095672
            743   0.8094468120
            744   0.8235964762
            745   0.8372500367
            746   0.8503992691
            747   0.8630362528
            748   0.8751533758
            749   0.8867433390
            750   0.8977991612
            751   0.9083141828
            752   0.9182820699
            753   0.9276968182
            754   0.9365527566
            755   0.9448445507
            756   0.9525672057
            757   0.9597160699
            758   0.9662868370
            759   0.9722755490
            760   0.9776785986
            761   0.9824927312
            762   0.9867150469
            763   0.9903430023
            764   0.9933744122
            765   0.9958074504
            766   0.9976406515
            767   0.9988729111
            768   0.9995034871
            769   0.9995319995
            770   0.9989584312
            771   0.9977831278
            772   0.9960067970
            773   0.9936305091
            774   0.9906556952
            775   0.9870841474
            776   0.9829180171
            777   0.9781598136
            778   0.9728124033
            779   0.9668790072
            780   0.9603631993
            781   0.9532689045
            782   0.9456003962
            783   0.9373622935
            784   0.9285595589
            785   0.9191974947
            786   0.9092817403
            787   0.8988182686
            788   0.8878133823
            789   0.8762737105
            790   0.8642062042
            791   0.8516181323
            792   0.8385170776
            793   0.8249109315
            794   0.8108078899
            795   0.7962164480
            796   0.7811453950
            797   0.7656038093
            798   0.7496010524
            799   0.7331467639
            800   0.7162508553
            801   0.6989235038
            802   0.6811751470
            803   0.6630164758
            804   0.6444584282
            805   0.6255121830
            806   0.6061891526
            807   0.5865009765
            808   0.5664595142
            809   0.5460768379
            810   0.5253652253
            811   0.5043371523
            812   0.4830052855
            813   0.4613824743
            814   0.4394817436
            815   0.4173162855
            816   0.3948994517
            817   0.3722447453
            818   0.3493658125
            819   0.3262764348
            820   0.3029905204
            821   0.2795220959
            822   0.2558852977
            823   0.2320943637
            824   0.2081636248
            825   0.1841074959
            826   0.1599404675
            827   0.1356770970
            828   0.1113319996
            829   0.0869198401
            830   0.0624553232
            831   0.0379531857
            832   0.0134281865
            833  -0.0111049013
            834  -0.0356312999
            835  -0.0601362356
            836  -0.0846049475
            837  -0.1090226964
            838  -0.1333747742
            839  -0.1576465121
            840  -0.1818232895
            841  -0.2058905434
            842  -0.2298337765
            843  -0.2536385664
            844  -0.2772905739
            845  -0.3007755519
            846  -0.3240793539
            847  -0.3471879427
            848  -0.3700873984
            849  -0.3927639274
            850  -0.4152038700
            851  -0.4373937093
            852  -0.4593200791
            853  -0.4809697715
            854  -0.5023297458
            855  -0.5233871354
            856  -0.5441292562
            857  -0.5645436139
            858  -0.5846179116
            859  -0.6043400573
            860  -0.6236981712
            861  -0.6426805926
            862  -0.6612758873
            863  -0.6794728541
            864  -0.6972605318
            865  -0.7146282059
            866  -0.7315654147
            867  -0.7480619558
            868  -0.7641078924
            869  -0.7796935589
            870  -0.7948095672
            871  -0.8094468120
            872  -0.8235964762
            873  -0.8372500367
            874  -0.8503992691
            875  -0.8630362528
            876  -0.8751533758
            877  -0.8867433390
            878  -0.8977991612
            879  -0.9083141828
            880  -0.9182820699
            881  -0.9276968182
            882  -0.9365527566
            883  -0.9448445507
            884  -0.9525672057
            885  -0.9597160699
            886  -0.9662868370
            887  -0.9722755490
            888  -0.9776785986
            889  -0.9824927312
            890  -0.9867150469
            891  -0.9903430023
            892  -0.9933744122
            893  -0.9958074504
            894  -0.9976406515
            895  -0.9988729111
            896  -0.9995034871
            897  -0.9995319995
            898  -0.9989584312
            899  -0.9977831278
            900  -0.9960067970
            901  -0.9936305091
            902  -0.9906556952
            903  -0.9870841474
            904  -0.9829180171
            905  -0.9781598136
            906  -0.9728124033
            907  -0.9668790072
            908  -0.9603631993
            909  -0.9532689045
            910  -0.9456003962
            911  -0.9373622935
            912  -0.9285595589
            913  -0.9191974947
            914  -0.9092817403
            915  -0.8988182686
            916  -0.8878133823
            917  -0.8762737105
            918  -0.8642062042
            919  -0.8516181323
            920  -0.8385170776
            921  -0.8249109315
            922  -0.8108078899
            923  -0.7962164480
            924  -0.7811453950
            925  -0.7656038093
            926  -0.7496010524
            927  -0.7331467639
            928  -0.7162508553
            929  -0.6989235038
            930  -0.6811751470
            931  -0.6630164758
            932  -0.6444584282
            933  -0.6255121830
            934  -0.6061891526
            935  -0.5865009765
            936  -0.5664595142
            937  -0.5460768379
            938  -0.5253652253
            939  -0.5043371523
            940  -0.4830052855
            941  -0.4613824743
            942  -0.4394817436
            943  -0.4173162855
            944  -0.3948994517
            945  -0.3722447453
            946  -0.3493658125
            947  -0.3262764348
            948  -0.3029905204
            949  -0.2795220959
            950  -0.2558852977
            951  -0.2320943637
            952  -0.2081636248
            953  -0.1841074959
            954  -0.1599404675
            955  -0.1356770970
            956  -0.1113319996
            957  -0.0869198401
            958  -0.0624553232
            959  -0.0379531857
            960  -0.0134281865
            961   0.0111049013
            962   0.0356312999
            963   0.0601362356
            964   0.0846049475
            965   0.1090226964
            966   0.1333747742
            967   0.1576465121
            968   0.1818232895
            969   0.2058905434
            970   0.2298337765
            971   0.2536385664
            972   0.2772905739
            973   0.3007755519
            974   0.3240793539
            975   0.3471879427
            976   0.3700873984
            977   0.3927639274
            978   0.4152038700
            979   0.4373937093
            980   0.4593200791
            981   0.4809697715
            982   0.5023297458
            983   0.5233871354
            984   0.5441292562
            985   0.5645436139
            986   0.5846179116
            987   0.6043400573
            988   0.6236981712
            989   0.6426805926
            990   0.6612758873
            991   0.6794728541
            992   0.6972605318
            993   0.7146282059
            994   0.7315654147
            995   0.7480619558
            996   0.7641078924
            997   0.7796935589
            998   0.7948095672
            999   0.8094468120
           1000   0.8235964762
           1001   0.8372500367
           1002   0.8503992691
           1003   0.8630362528
           1004   0.8751533758
           1005   0.8867433390
           1006   0.8977991612
           1007   0.9083141828
           1008   0.9182820699
           1009   0.9276968182
           1010   0.9365527566
           1011   0.9448445507
           1012   0.9525672057
           1013   0.9597160699
           1014   0.9662868370
           1015   0.9722755490
           1016   0.9776785986
           1017   0.9824927312
           1018   0.9867150469
           1019   0.9903430023
           1020   0.9933744122
           1021   0.9958074504
           1022   0.9976406515
           1023   0.9988729111
           1024   0.9995034871
