   0.0000000000   0.9000000432
   0.0009775171   0.9022462745
   0.0019550342   0.9340447165
   0.0029325513   0.9639766048
   0.0039100684   0.9914808647
   0.0048875855   0.9762936616
   0.0058651026   0.9226908791
   0.0068426197   0.9767816354
   0.0078201368   0.9603341805
   0.0087976540   0.9589241071
   0.0097751711   0.9044772004
   0.0107526882   0.9508240306
   0.0117302053   0.8658485585
   0.0127077224   0.9382586776
   0.0136852395   0.9115287419
   0.0146627566   0.9063184760
   0.0156402737   0.8537501395
   0.0166177908   0.8190161683
   0.0175953079   0.8946235032
   0.0185728250   0.8027851097
   0.0195503421   0.7857263055
   0.0205278592   0.7783410187
   0.0215053763   0.8133392312
   0.0224828934   0.8372033864
   0.0234604105   0.7387136559
   0.0244379276   0.8084182580
   0.0254154447   0.7120179982
   0.0263929619   0.7517243680
   0.0273704790   0.7578133176
   0.0283479961   0.6688619823
   0.0293255132   0.7399250238
   0.0303030303   0.7015590711
   0.0312805474   0.6085301964
   0.0322580645   0.6059532808
   0.0332355816   0.6704286493
   0.0342130987   0.6279060179
   0.0351906158   0.5555227656
   0.0361681329   0.5804607853
   0.0371456500   0.5488686188
   0.0381231671   0.5230492717
   0.0391006842   0.5386946790
   0.0400782013   0.4367083248
   0.0410557184   0.5121764785
   0.0420332355   0.4505773717
   0.0430107526   0.4471722713
   0.0439882698   0.3931283949
   0.0449657869   0.3975076687
   0.0459433040   0.3836627823
   0.0469208211   0.3254893617
   0.0478983382   0.2796732867
   0.0488758553   0.3088713540
   0.0498533724   0.2790927783
   0.0508308895   0.2612980093
   0.0518084066   0.1866341282
   0.0527859237   0.1725483939
   0.0537634408   0.1441124540
   0.0547409579   0.1690020093
   0.0557184750   0.1245937801
   0.0566959921   0.1090262584
   0.0576735092   0.0841067120
   0.0586510263   0.0460628697
   0.0596285434   0.0191744472
   0.0606060605  -0.0401665879
   0.0615835777  -0.0234801657
   0.0625610948  -0.0821197733
   0.0635386119  -0.0293096707
   0.0645161290  -0.0917261516
   0.0654936461  -0.1734052377
   0.0664711632  -0.1682063258
   0.0674486803  -0.1687231941
   0.0684261974  -0.1807631857
   0.0694037145  -0.2709516609
   0.0703812316  -0.2702186645
   0.0713587487  -0.2747217485
   0.0723362658  -0.2609569839
   0.0733137829  -0.3455512282
   0.0742913000  -0.3296775112
   0.0752688171  -0.4108896646
   0.0762463342  -0.3863289903
   0.0772238513  -0.3806943516
   0.0782013685  -0.4512774813
   0.0791788856  -0.4178243669
   0.0801564027  -0.4590511894
   0.0811339198  -0.4767858706
   0.0821114369  -0.5472659188
   0.0830889540  -0.5275415471
   0.0840664711  -0.5503739656
   0.0850439882  -0.5432154081
   0.0860215053  -0.5601986929
   0.0869990224  -0.6274574209
   0.0879765395  -0.6544521806
   0.0889540566  -0.6852397253
   0.0899315737  -0.6757295407
   0.0909090908  -0.7379898850
   0.0918866079  -0.6805826908
   0.0928641250  -0.7376329377
   0.0938416421  -0.7549544352
   0.0948191592  -0.7693627478
   0.0957966764  -0.8055563821
   0.0967741935  -0.8099489855
   0.0977517106  -0.8552674205
   0.0987292277  -0.8295562781
   0.0997067448  -0.8407566027
   0.1006842619  -0.8712271357
   0.1016617790  -0.8581935927
   0.1026392961  -0.8801173170
   0.1036168132  -0.8615460632
   0.1045943303  -0.8824231643
   0.1055718474  -0.9047501870
   0.1065493645  -0.8966195677
   0.1075268816  -0.9407100387
   0.1085043987  -0.9845383119
   0.1094819158  -1.0011351376
   0.1104594329  -1.0056169341
   0.1114369500  -0.9485240208
   0.1124144671  -1.0283779127
   0.1133919843  -0.9901101943
   0.1143695014  -1.0097114748
   0.1153470185  -1.0450618310
   0.1163245356  -1.0591067592
   0.1173020527  -0.9969581865
   0.1182795698  -0.9990877552
   0.1192570869  -1.0440024951
   0.1202346040  -1.0320495561
   0.1212121211  -1.0324686855
   0.1221896382  -1.0784991326
   0.1231671553  -1.0898838927
   0.1241446724  -1.0290961978
   0.1251221895  -1.0743280657
   0.1260997066  -1.0701485438
   0.1270772237  -1.0607468619
   0.1280547408  -1.0815732845
   0.1290322579  -1.0080293438
   0.1300097750  -0.9958413392
   0.1309872922  -1.0697939760
   0.1319648093  -1.0175041699
   0.1329423264  -1.0599941457
   0.1339198435  -0.9789569137
   0.1348973606  -1.0090580239
   0.1358748777  -0.9892170378
   0.1368523948  -0.9636262275
   0.1378299119  -1.0131514630
   0.1388074290  -0.9425997788
   0.1397849461  -0.9544067696
   0.1407624632  -0.9656251533
   0.1417399803  -0.9945912232
   0.1427174974  -0.9392192263
   0.1436950145  -0.9107031421
   0.1446725316  -0.9647682873
   0.1456500487  -0.9084282481
   0.1466275658  -0.8900032340
   0.1476050830  -0.9052171016
   0.1485826001  -0.8476874014
   0.1495601172  -0.8609827352
   0.1505376343  -0.8027789661
   0.1515151514  -0.7931514918
   0.1524926685  -0.7894174404
   0.1534701856  -0.8493378104
   0.1544477027  -0.8182761186
   0.1554252198  -0.7584805047
   0.1564027369  -0.7938878079
   0.1573802540  -0.7703645167
   0.1583577711  -0.7168172945
   0.1593352882  -0.7292898196
   0.1603128053  -0.7046101023
   0.1612903224  -0.7051599523
   0.1622678395  -0.6904606679
   0.1632453566  -0.5919931507
   0.1642228737  -0.5980737554
   0.1652003909  -0.5374622338
   0.1661779080  -0.5386665348
   0.1671554251  -0.5352789245
   0.1681329422  -0.4902422005
   0.1691104593  -0.5415898992
   0.1700879764  -0.4986309015
   0.1710654935  -0.4399100369
   0.1720430106  -0.4430277269
   0.1730205277  -0.4337445973
   0.1739980448  -0.3417628952
   0.1749755619  -0.3892429723
   0.1759530790  -0.2906255817
   0.1769305961  -0.2759405607
   0.1779081132  -0.2694015305
   0.1788856303  -0.2909598438
   0.1798631474  -0.2528883737
   0.1808406645  -0.1759837905
   0.1818181816  -0.2033699626
   0.1827956988  -0.1636449706
   0.1837732159  -0.1209242962
   0.1847507330  -0.0787541897
   0.1857282501  -0.1114655529
   0.1867057672  -0.1045787069
   0.1876832843  -0.0123639703
   0.1886608014  -0.0090177373
   0.1896383185   0.0331655565
   0.1906158356  -0.0166876637
   0.1915933527   0.0766046527
   0.1925708698   0.0872801671
   0.1935483869   0.1460475775
   0.1945259040   0.0964714404
   0.1955034211   0.1887964159
   0.1964809382   0.1716586812
   0.1974584553   0.1815914238
   0.1984359724   0.2594776708
   0.1994134896   0.2594761999
   0.2003910067   0.2687259846
   0.2013685238   0.3031340437
   0.2023460409   0.3205015546
   0.2033235580   0.3188077415
   0.2043010751   0.3968762954
   0.2052785922   0.3530649767
   0.2062561093   0.3673217650
   0.2072336264   0.4018176608
   0.2082111435   0.4660430550
   0.2091886606   0.4425675211
   0.2101661777   0.5242375504
   0.2111436948   0.5274001739
   0.2121212119   0.4959034396
   0.2130987290   0.5347061368
   0.2140762461   0.5807833777
   0.2150537632   0.5801497495
   0.2160312803   0.6367005111
   0.2170087975   0.6156365159
   0.2179863146   0.6478668412
   0.2189638317   0.6451420456
   0.2199413488   0.7047474733
   0.2209188659   0.6648654663
   0.2218963830   0.7368934153
   0.2228739001   0.7300147417
   0.2238514172   0.7371375992
   0.2248289343   0.7263794131
   0.2258064514   0.7960202929
   0.2267839685   0.7638398010
   0.2277614856   0.7680716143
   0.2287390027   0.8240079515
   0.2297165198   0.8058296250
   0.2306940369   0.8610476282
   0.2316715540   0.8384531097
   0.2326490711   0.8136954225
   0.2336265882   0.8848824118
   0.2346041054   0.9231418524
   0.2355816225   0.9162651181
   0.2365591396   0.8594062673
   0.2375366567   0.8713735368
   0.2385141738   0.9028631031
   0.2394916909   0.9545356590
   0.2404692080   0.9507023716
   0.2414467251   0.9703515605
   0.2424242422   0.8860698541
   0.2434017593   0.9094095418
   0.2443792764   0.9363510966
   0.2453567935   0.9232961321
   0.2463343106   0.9368720988
   0.2473118277   0.9546611949
   0.2482893448   0.9870753929
   0.2492668619   0.9885428591
   0.2502443790   0.9700939149
   0.2512218961   0.9292408003
   0.2521994133   0.9500143515
   0.2531769304   0.9537954184
   0.2541544475   0.9409500059
   0.2551319646   0.9551699621
   0.2561094817   0.9471474355
   0.2570869988   0.9485710880
   0.2580645159   0.9145352869
   0.2590420330   0.9299731166
   0.2600195501   0.9452035415
   0.2609970672   0.9284970078
   0.2619745843   0.8554328611
   0.2629521014   0.8902033480
   0.2639296185   0.9360276744
   0.2649071356   0.8373721508
   0.2658846527   0.8949079819
   0.2668621698   0.8453123707
   0.2678396869   0.8078232134
   0.2688172041   0.8731423980
   0.2697947212   0.8202042050
   0.2707722383   0.7722649633
   0.2717497554   0.8445978112
   0.2727272725   0.7715674289
   0.2737047896   0.7396052422
   0.2746823067   0.7537537670
   0.2756598238   0.7939894625
   0.2766373409   0.7249689347
   0.2776148580   0.7284832748
   0.2785923751   0.7266147434
   0.2795698922   0.7341159730
   0.2805474093   0.6424199448
   0.2815249264   0.6386085060
   0.2825024435   0.6152791787
   0.2834799606   0.6628488454
   0.2844574777   0.5952482867
   0.2854349948   0.5700610318
   0.2864125120   0.5307181273
   0.2873900291   0.5795399427
   0.2883675462   0.4761296904
   0.2893450633   0.5340961179
   0.2903225804   0.4612965244
   0.2913000975   0.4428722547
   0.2922776146   0.4136348716
   0.2932551317   0.4624443392
   0.2942326488   0.4375362893
   0.2952101659   0.4083664584
   0.2961876830   0.3459955720
   0.2971652001   0.3156468929
   0.2981427172   0.3270038059
   0.2991202343   0.2829817954
   0.3000977514   0.2632807179
   0.3010752685   0.1944185389
   0.3020527856   0.1695695225
   0.3030303027   0.1814170786
   0.3040078199   0.1784175172
   0.3049853370   0.1505708488
   0.3059628541   0.0713520710
   0.3069403712   0.1256690188
   0.3079178883   0.0883311327
   0.3088954054   0.0697944424
   0.3098729225  -0.0088305942
   0.3108504396   0.0309734864
   0.3118279567  -0.0746657952
   0.3128054738  -0.0305101780
   0.3137829909  -0.1279222238
   0.3147605080  -0.1108595217
   0.3157380251  -0.1443088302
   0.3167155422  -0.1168475048
   0.3176930593  -0.2000634245
   0.3186705764  -0.2317657027
   0.3196480935  -0.2743407742
   0.3206256106  -0.2159575038
   0.3216031278  -0.2496114796
   0.3225806449  -0.2909727090
   0.3235581620  -0.2819784081
   0.3245356791  -0.3914534722
   0.3255131962  -0.3469849155
   0.3264907133  -0.4294601724
   0.3274682304  -0.4127503325
   0.3284457475  -0.4751130715
   0.3294232646  -0.5092150141
   0.3304007817  -0.5014783583
   0.3313782988  -0.5455628140
   0.3323558159  -0.5503015327
   0.3333333330  -0.5556756302
   0.3343108501  -0.6095379429
   0.3352883672  -0.6011689530
   0.3362658843  -0.6476895402
   0.3372434014  -0.6761489717
   0.3382209186  -0.6814651681
   0.3391984357  -0.6352213102
   0.3401759528  -0.7341119774
   0.3411534699  -0.7107867639
   0.3421309870  -0.6805217789
   0.3431085041  -0.7554772069
   0.3440860212  -0.7926663371
   0.3450635383  -0.7381874679
   0.3460410554  -0.7574671741
   0.3470185725  -0.8065982787
   0.3479960896  -0.8371805825
   0.3489736067  -0.8194620723
   0.3499511238  -0.8979570467
   0.3509286409  -0.8254114426
   0.3519061580  -0.9199019838
   0.3528836751  -0.9087559857
   0.3538611922  -0.9132366016
   0.3548387093  -0.9371162635
   0.3558162265  -0.9035774601
   0.3567937436  -0.9718606601
   0.3577712607  -0.9128961791
   0.3587487778  -0.9665550050
   0.3597262949  -0.9538117955
   0.3607038120  -0.9722376918
   0.3616813291  -1.0412994547
   0.3626588462  -1.0382156487
   0.3636363633  -0.9654120524
   0.3646138804  -1.0458615806
   0.3655913975  -0.9864673284
   0.3665689146  -1.0550319929
   0.3675464317  -1.0232436291
   0.3685239488  -1.0020889737
   0.3695014659  -1.0348541290
   0.3704789830  -1.0240594762
   0.3714565001  -1.0704013478
   0.3724340172  -1.0335002509
   0.3734115344  -1.0105857055
   0.3743890515  -1.0066743705
   0.3753665686  -1.0899589735
   0.3763440857  -1.0171605617
   0.3773216028  -1.0127158427
   0.3782991199  -1.0471192220
   0.3792766370  -1.0249762759
   0.3802541541  -1.0354928574
   0.3812316712  -1.0079364235
   0.3822091883  -1.0164468244
   0.3831867054  -1.0308190247
   0.3841642225  -0.9927682379
   0.3851417396  -0.9864106918
   0.3861192567  -1.0378994299
   0.3870967738  -1.0440035802
   0.3880742909  -0.9756752297
   0.3890518080  -0.9826657310
   0.3900293251  -0.9946013184
   0.3910068423  -0.9846748544
   0.3919843594  -0.9888140530
   0.3929618765  -0.9738484944
   0.3939393936  -0.9022650769
   0.3949169107  -0.9552348918
   0.3958944278  -0.9466054841
   0.3968719449  -0.9298924657
   0.3978494620  -0.9035144564
   0.3988269791  -0.8525857827
   0.3998044962  -0.8794435347
   0.4007820133  -0.8274704687
   0.4017595304  -0.8419289422
   0.4027370475  -0.8226022966
   0.4037145646  -0.8163892848
   0.4046920817  -0.7514597759
   0.4056695988  -0.7411154270
   0.4066471159  -0.7335407310
   0.4076246331  -0.6943970197
   0.4086021502  -0.6796366347
   0.4095796673  -0.6467635331
   0.4105571844  -0.6610636066
   0.4115347015  -0.6222027643
   0.4125122186  -0.5971978416
   0.4134897357  -0.5828459348
   0.4144672528  -0.6264210593
   0.4154447699  -0.5621518947
   0.4164222870  -0.5916099323
   0.4173998041  -0.5646891393
   0.4183773212  -0.4656458476
   0.4193548383  -0.5043306845
   0.4203323554  -0.5020759376
   0.4213098725  -0.4940790343
   0.4222873896  -0.4233300898
   0.4232649067  -0.3530376776
   0.4242424238  -0.3634486213
   0.4252199410  -0.3153757555
   0.4261974581  -0.2955889457
   0.4271749752  -0.2939637345
   0.4281524923  -0.3268145896
   0.4291300094  -0.2760200151
   0.4301075265  -0.2545503815
   0.4310850436  -0.2481487806
   0.4320625607  -0.1455977894
   0.4330400778  -0.1865491107
   0.4340175949  -0.1709018957
   0.4349951120  -0.1351703236
   0.4359726291  -0.0397156192
   0.4369501462  -0.0561763339
   0.4379276633  -0.0339815425
   0.4389051804  -0.0055626230
   0.4398826975   0.0364050883
   0.4408602146   0.0693582701
   0.4418377317   0.0721527688
   0.4428152489   0.0907127793
   0.4437927660   0.0716316768
   0.4447702831   0.1706581272
   0.4457478002   0.1148242648
   0.4467253173   0.2260781384
   0.4477028344   0.1916181202
   0.4486803515   0.2737980345
   0.4496578686   0.2199835309
   0.4506353857   0.2873291543
   0.4516129028   0.2924960899
   0.4525904199   0.3160088861
   0.4535679370   0.3842021197
   0.4545454541   0.3750786217
   0.4555229712   0.3421632746
   0.4565004883   0.3686052019
   0.4574780054   0.4308061941
   0.4584555225   0.4631804884
   0.4594330397   0.4313716057
   0.4604105568   0.4918446149
   0.4613880739   0.5480779454
   0.4623655910   0.4969701781
   0.4633431081   0.5096086179
   0.4643206252   0.5941475360
   0.4652981423   0.6336452039
   0.4662756594   0.5933433477
   0.4672531765   0.5858959279
   0.4682306936   0.6077219141
   0.4692082107   0.7114387743
   0.4701857278   0.6401605367
   0.4711632449   0.6859353271
   0.4721407620   0.7458245033
   0.4731182791   0.7705789059
   0.4740957962   0.7407933233
   0.4750733133   0.7928243441
   0.4760508304   0.7563369597
   0.4770283476   0.7657513049
   0.4780058647   0.7858452661
   0.4789833818   0.7820360153
   0.4799608989   0.8064390598
   0.4809384160   0.8033456576
   0.4819159331   0.8839298467
   0.4828934502   0.8956729863
   0.4838709673   0.8761765324
   0.4848484844   0.8655825492
   0.4858260015   0.8512003500
   0.4868035186   0.9434945003
   0.4877810357   0.9048955355
   0.4887585528   0.9136824747
   0.4897360699   0.8808620728
   0.4907135870   0.9198565651
   0.4916911041   0.9081690672
   0.4926686212   0.9717011052
   0.4936461383   0.9596501928
   0.4946236555   0.9677257259
   0.4956011726   0.9196205156
   0.4965786897   0.9296509966
   0.4975562068   0.9679591965
   0.4985337239   0.9162325417
   0.4995112410   0.9332012748
   0.5004887581   0.9658368707
   0.5014662752   0.9532545595
   0.5024437923   0.9407429069
   0.5034213094   0.9793060710
   0.5043988265   0.9859738048
   0.5053763436   0.9875961954
   0.5063538607   0.9413003161
   0.5073313778   0.9565786419
   0.5083088949   0.9745309671
   0.5092864120   0.9274480528
   0.5102639291   0.8878177694
   0.5112414462   0.9288618285
   0.5122189634   0.9102506549
   0.5131964805   0.9188843450
   0.5141739976   0.8495127718
   0.5151515147   0.8630283573
   0.5161290318   0.8976857475
   0.5171065489   0.8584670439
   0.5180840660   0.8812420395
   0.5190615831   0.7964792207
   0.5200391002   0.8615515196
   0.5210166173   0.7949268652
   0.5219941344   0.7899557675
   0.5229716515   0.7775774641
   0.5239491686   0.7627776683
   0.5249266857   0.7557691262
   0.5259042028   0.7733638393
   0.5268817199   0.7555988306
   0.5278592370   0.7597062920
   0.5288367542   0.6847882065
   0.5298142713   0.6337667028
   0.5307917884   0.7056750511
   0.5317693055   0.6632763208
   0.5327468226   0.6472894332
   0.5337243397   0.5693587020
   0.5347018568   0.5593686097
   0.5356793739   0.5834262563
   0.5366568910   0.5434222174
   0.5376344081   0.5422000157
   0.5386119252   0.5169583908
   0.5395894423   0.5017181811
   0.5405669594   0.5214996167
   0.5415444765   0.4793585280
   0.5425219936   0.4663637603
   0.5434995107   0.3824731150
   0.5444770278   0.4337991769
   0.5454545449   0.3462526037
   0.5464320621   0.3193144750
   0.5474095792   0.3245168450
   0.5483870963   0.2703175215
   0.5493646134   0.2959378828
   0.5503421305   0.2973469384
   0.5513196476   0.2381440539
   0.5522971647   0.2109307295
   0.5532746818   0.1940780963
   0.5542521989   0.1845150777
   0.5552297160   0.1034839018
   0.5562072331   0.1137738080
   0.5571847502   0.0449433159
   0.5581622673   0.1025587852
   0.5591397844   0.0651938296
   0.5601173015  -0.0123355454
   0.5610948186  -0.0107345169
   0.5620723357  -0.0164755921
   0.5630498528  -0.0565939640
   0.5640273700  -0.0886778558
   0.5650048871  -0.0737722635
   0.5659824042  -0.1091970822
   0.5669599213  -0.2012152946
   0.5679374384  -0.1804322778
   0.5689149555  -0.1885062172
   0.5698924726  -0.2745237558
   0.5708699897  -0.3029008302
   0.5718475068  -0.2703457634
   0.5728250239  -0.3051052207
   0.5738025410  -0.3177287826
   0.5747800581  -0.3298504296
   0.5757575752  -0.4055472331
   0.5767350923  -0.4223649803
   0.5777126094  -0.4343705582
   0.5786901265  -0.4952463474
   0.5796676436  -0.4331069395
   0.5806451607  -0.4562848326
   0.5816226779  -0.5519569318
   0.5826001950  -0.5018924143
   0.5835777121  -0.5642284286
   0.5845552292  -0.5666284035
   0.5855327463  -0.5822952630
   0.5865102634  -0.6601786803
   0.5874877805  -0.6544730146
   0.5884652976  -0.6116711111
   0.5894428147  -0.6707085103
   0.5904203318  -0.6810384107
   0.5913978489  -0.7212840831
   0.5923753660  -0.6858635905
   0.5933528831  -0.7882029084
   0.5943304002  -0.7395103843
   0.5953079173  -0.7501513021
   0.5962854344  -0.7872447326
   0.5972629515  -0.8154721616
   0.5982404687  -0.8104277555
   0.5992179858  -0.8823945571
   0.6001955029  -0.9104376085
   0.6011730200  -0.8882813987
   0.6021505371  -0.9035535965
   0.6031280542  -0.8762298311
   0.6041055713  -0.9497940154
   0.6050830884  -0.9276014855
   0.6060606055  -0.8915343645
   0.6070381226  -0.9221655277
   0.6080156397  -0.9719772772
   0.6089931568  -0.9318714649
   0.6099706739  -0.9380832096
   0.6109481910  -0.9396790804
   0.6119257081  -1.0017835225
   0.6129032252  -0.9792323903
   0.6138807423  -1.0416319483
   0.6148582594  -0.9955600175
   0.6158357766  -1.0613292091
   0.6168132937  -1.0305991980
   0.6177908108  -1.0488134350
   0.6187683279  -1.0299903116
   0.6197458450  -1.0219785200
   0.6207233621  -1.0334490382
   0.6217008792  -1.0436998841
   0.6226783963  -1.0321887273
   0.6236559134  -1.0475626961
   0.6246334305  -1.0401660689
   0.6256109476  -1.0756267986
   0.6265884647  -1.0428362142
   0.6275659818  -0.9994308493
   0.6285434989  -1.0283560807
   0.6295210160  -1.0140283207
   0.6304985331  -0.9931282278
   0.6314760502  -1.0385260652
   0.6324535673  -1.0271945870
   0.6334310845  -0.9927113035
   0.6344086016  -1.0365595570
   0.6353861187  -1.0150372495
   0.6363636358  -1.0056828410
   0.6373411529  -1.0210270472
   0.6383186700  -0.9609768652
   0.6392961871  -0.9970269365
   0.6402737042  -0.9914423251
   0.6412512213  -0.9840286785
   0.6422287384  -0.9377910583
   0.6432062555  -0.9137848811
   0.6441837726  -0.9127209613
   0.6451612897  -0.9005897681
   0.6461388068  -0.8672628408
   0.6471163239  -0.9447810454
   0.6480938410  -0.9008389411
   0.6490713581  -0.8518978652
   0.6500488752  -0.8237228980
   0.6510263924  -0.8329858627
   0.6520039095  -0.8549563452
   0.6529814266  -0.8506186635
   0.6539589437  -0.8263946090
   0.6549364608  -0.8017764915
   0.6559139779  -0.7241087651
   0.6568914950  -0.7166366020
   0.6578690121  -0.7390295089
   0.6588465292  -0.6653146969
   0.6598240463  -0.6955956975
   0.6608015634  -0.6224302132
   0.6617790805  -0.6436231477
   0.6627565976  -0.6154353829
   0.6637341147  -0.6484896998
   0.6647116318  -0.5471234738
   0.6656891489  -0.5843753554
   0.6666666660  -0.5134844617
   0.6676441832  -0.4935261044
   0.6686217003  -0.5207730694
   0.6695992174  -0.5288196781
   0.6705767345  -0.5055036553
   0.6715542516  -0.3980759095
   0.6725317687  -0.4445914684
   0.6735092858  -0.4415894863
   0.6744868029  -0.4158311560
   0.6754643200  -0.3947611202
   0.6764418371  -0.3667931919
   0.6774193542  -0.3054484498
   0.6783968713  -0.2754860575
   0.6793743884  -0.2454239704
   0.6803519055  -0.2697721831
   0.6813294226  -0.1922562170
   0.6823069397  -0.1758820035
   0.6832844568  -0.1315482324
   0.6842619739  -0.1768309359
   0.6852394911  -0.0985324477
   0.6862170082  -0.1111048712
   0.6871945253  -0.0252250277
   0.6881720424  -0.0445494654
   0.6891495595  -0.0016487374
   0.6901270766   0.0046677408
   0.6911045937   0.0635304887
   0.6920821108   0.0435471801
   0.6930596279   0.0407870240
   0.6940371450   0.1341467370
   0.6950146621   0.1016473744
   0.6959921792   0.1182585078
   0.6969696963   0.1380111914
   0.6979472134   0.2589722769
   0.6989247305   0.2470631119
   0.6999022476   0.2833185422
   0.7008797647   0.2346486165
   0.7018572818   0.2620605617
   0.7028347990   0.3663579601
   0.7038123161   0.3314814991
   0.7047898332   0.4084939678
   0.7057673503   0.3921794582
   0.7067448674   0.4348689858
   0.7077223845   0.4702253524
   0.7086999016   0.4166014203
   0.7096774187   0.4696004411
   0.7106549358   0.5129645112
   0.7116324529   0.5060821228
   0.7126099700   0.5487277264
   0.7135874871   0.5411302802
   0.7145650042   0.5925939871
   0.7155425213   0.6185203548
   0.7165200384   0.6306022972
   0.7174975555   0.5885672060
   0.7184750726   0.6148614699
   0.7194525898   0.6790971214
   0.7204301069   0.6818342371
   0.7214076240   0.7396218743
   0.7223851411   0.6940567346
   0.7233626582   0.7627996474
   0.7243401753   0.7987289058
   0.7253176924   0.7305082474
   0.7262952095   0.7921798786
   0.7272727266   0.8182149743
   0.7282502437   0.7858580074
   0.7292277608   0.8271251337
   0.7302052779   0.8086273066
   0.7311827950   0.8108724818
   0.7321603121   0.8969851939
   0.7331378292   0.8703441214
   0.7341153463   0.8270338876
   0.7350928634   0.8746534282
   0.7360703805   0.9223021416
   0.7370478977   0.8959077844
   0.7380254148   0.9463440563
   0.7390029319   0.9587165733
   0.7399804490   0.9397751860
   0.7409579661   0.8996314861
   0.7419354832   0.8903438803
   0.7429130003   0.9146284962
   0.7438905174   0.9495481096
   0.7448680345   0.9305151944
   0.7458455516   0.9710673271
   0.7468230687   0.9071755580
   0.7478005858   0.8995971431
   0.7487781029   0.9983083477
   0.7497556200   0.9682170669
   0.7507331371   0.9004191581
   0.7517106542   0.9951491708
   0.7526881713   0.9299333826
   0.7536656884   0.9266685979
   0.7546432056   0.9423590600
   0.7556207227   0.9083012286
   0.7565982398   0.9829445095
   0.7575757569   0.8993740697
   0.7585532740   0.8988337702
   0.7595307911   0.9256790640
   0.7605083082   0.9175514291
   0.7614858253   0.9127315937
   0.7624633424   0.9027803340
   0.7634408595   0.9036064160
   0.7644183766   0.8555680085
   0.7653958937   0.9213303567
   0.7663734108   0.8454005876
   0.7673509279   0.8151699023
   0.7683284450   0.8192239799
   0.7693059621   0.8543765680
   0.7702834792   0.8515995347
   0.7712609963   0.7803523667
   0.7722385135   0.7763363174
   0.7732160306   0.8335294796
   0.7741935477   0.7867725655
   0.7751710648   0.7563741792
   0.7761485819   0.7429799378
   0.7771260990   0.7453963720
   0.7781036161   0.7211323996
   0.7790811332   0.6516324163
   0.7800586503   0.6684884770
   0.7810361674   0.6143509806
   0.7820136845   0.6806532824
   0.7829912016   0.6048413273
   0.7839687187   0.6139271679
   0.7849462358   0.6194131780
   0.7859237529   0.6139438404
   0.7869012700   0.5172024917
   0.7878787871   0.5627521819
   0.7888563043   0.5137769744
   0.7898338214   0.4414237661
   0.7908113385   0.4529479732
   0.7917888556   0.4314543621
   0.7927663727   0.4567119909
   0.7937438898   0.3808666359
   0.7947214069   0.4001249399
   0.7956989240   0.4033787067
   0.7966764411   0.3818644094
   0.7976539582   0.3554271741
   0.7986314753   0.3234252805
   0.7996089924   0.2308056659
   0.8005865095   0.2356285008
   0.8015640266   0.1889534748
   0.8025415437   0.2413174328
   0.8035190608   0.1609239746
   0.8044965779   0.1818010356
   0.8054740950   0.1508040941
   0.8064516122   0.1417397820
   0.8074291293   0.0630604799
   0.8084066464   0.0438258392
   0.8093841635   0.0539034387
   0.8103616806   0.0308449159
   0.8113391977  -0.0575568979
   0.8123167148  -0.0483820968
   0.8132942319  -0.0528305791
   0.8142717490  -0.0989266569
   0.8152492661  -0.0722982259
   0.8162267832  -0.1869843242
   0.8172043003  -0.1843262988
   0.8181818174  -0.2176272177
   0.8191593345  -0.1911010728
   0.8201368516  -0.2628195798
   0.8211143687  -0.2172597597
   0.8220918858  -0.2823897902
   0.8230694029  -0.2659882193
   0.8240469201  -0.3193104552
   0.8250244372  -0.3544700138
   0.8260019543  -0.3999180680
   0.8269794714  -0.4086934511
   0.8279569885  -0.4631281647
   0.8289345056  -0.4322630208
   0.8299120227  -0.5072047105
   0.8308895398  -0.5007988957
   0.8318670569  -0.4687318470
   0.8328445740  -0.5417494129
   0.8338220911  -0.5715944879
   0.8347996082  -0.5331006680
   0.8357771253  -0.5700159632
   0.8367546424  -0.5771145954
   0.8377321595  -0.6801587387
   0.8387096766  -0.6722221947
   0.8396871937  -0.6512564709
   0.8406647108  -0.6996176522
   0.8416422280  -0.6905153623
   0.8426197451  -0.7731044060
   0.8435972622  -0.7972041342
   0.8445747793  -0.7843681417
   0.8455522964  -0.8024321303
   0.8465298135  -0.7598715287
   0.8475073306  -0.8594367377
   0.8484848477  -0.8671830655
   0.8494623648  -0.8065954078
   0.8504398819  -0.9117130209
   0.8514173990  -0.9104702217
   0.8523949161  -0.9162253628
   0.8533724332  -0.8622098513
   0.8543499503  -0.9131801274
   0.8553274674  -0.9400848976
   0.8563049845  -0.8953668620
   0.8572825016  -0.9357421011
   0.8582600188  -0.9633891246
   0.8592375359  -0.9535862465
   0.8602150530  -0.9995402680
   0.8611925701  -0.9898127969
   0.8621700872  -0.9832726828
   0.8631476043  -1.0105063937
   0.8641251214  -1.0460012310
   0.8651026385  -0.9877516691
   0.8660801556  -1.0720034456
   0.8670576727  -1.0256159403
   0.8680351898  -1.0716961649
   0.8690127069  -1.0611061485
   0.8699902240  -1.0761802122
   0.8709677411  -1.0096046568
   0.8719452582  -1.0071530644
   0.8729227753  -1.0979929502
   0.8739002924  -1.0693376145
   0.8748778095  -1.0722503819
   0.8758553267  -1.0685930970
   0.8768328438  -1.0109950026
   0.8778103609  -1.0967913080
   0.8787878780  -1.0312600098
   0.8797653951  -0.9956298029
   0.8807429122  -0.9991751211
   0.8817204293  -0.9967904657
   0.8826979464  -1.0483825947
   0.8836754635  -0.9893916173
   0.8846529806  -1.0659034798
   0.8856304977  -1.0576284037
   0.8866080148  -1.0521187011
   0.8875855319  -0.9927820336
   0.8885630490  -1.0364727235
   0.8895405661  -0.9581789077
   0.8905180832  -0.9907864391
   0.8914956003  -0.9363393904
   0.8924731174  -0.9759108345
   0.8934506346  -0.9679948811
   0.8944281517  -0.8947309617
   0.8954056688  -0.9454967141
   0.8963831859  -0.8757087825
   0.8973607030  -0.9452616933
   0.8983382201  -0.8529723524
   0.8993157372  -0.8348483017
   0.9002932543  -0.8537184811
   0.9012707714  -0.8025790701
   0.9022482885  -0.7948846947
   0.9032258056  -0.7962973466
   0.9042033227  -0.7621994428
   0.9051808398  -0.7725168591
   0.9061583569  -0.7706160863
   0.9071358740  -0.7898186539
   0.9081133911  -0.7217413661
   0.9090909082  -0.7327249201
   0.9100684253  -0.7282170215
   0.9110459425  -0.6548223089
   0.9120234596  -0.6775408260
   0.9130009767  -0.5947230292
   0.9139784938  -0.6291015192
   0.9149560109  -0.6042166509
   0.9159335280  -0.5808929943
   0.9169110451  -0.5727811017
   0.9178885622  -0.5225759223
   0.9188660793  -0.5400742300
   0.9198435964  -0.4690147118
   0.9208211135  -0.4181614404
   0.9217986306  -0.4787471156
   0.9227761477  -0.3941641943
   0.9237536648  -0.3547485343
   0.9247311819  -0.3204732866
   0.9257086990  -0.3694037127
   0.9266862161  -0.2891863922
   0.9276637333  -0.2712607423
   0.9286412504  -0.2609385437
   0.9296187675  -0.2918076984
   0.9305962846  -0.2723516183
   0.9315738017  -0.1919818796
   0.9325513188  -0.1872751518
   0.9335288359  -0.1831941233
   0.9345063530  -0.1354743441
   0.9354838701  -0.0738824982
   0.9364613872  -0.0367263178
   0.9374389043  -0.0351946618
   0.9384164214  -0.0338668200
   0.9393939385  -0.0463847318
   0.9403714556   0.0358655311
   0.9413489727   0.0591806664
   0.9423264898   0.0349150089
   0.9433040069   0.0684720396
   0.9442815240   0.0858920775
   0.9452590412   0.0966201323
   0.9462365583   0.1569554775
   0.9472140754   0.2105981864
   0.9481915925   0.2182734692
   0.9491691096   0.2572531319
   0.9501466267   0.2472879225
   0.9511241438   0.2880175071
   0.9521016609   0.3403896759
   0.9530791780   0.2847086430
   0.9540566951   0.3785712539
   0.9550342122   0.3332821211
   0.9560117293   0.3732655098
   0.9569892464   0.4100495261
   0.9579667635   0.4768910855
   0.9589442806   0.4323776110
   0.9599217977   0.5308070233
   0.9608993148   0.5475330100
   0.9618768319   0.5407990091
   0.9628543491   0.5550787558
   0.9638318662   0.5915066941
   0.9648093833   0.6001240538
   0.9657869004   0.5779985320
   0.9667644175   0.6286957015
   0.9677419346   0.6863582875
   0.9687194517   0.6364777249
   0.9696969688   0.7183079550
   0.9706744859   0.6835059969
   0.9716520030   0.7464237432
   0.9726295201   0.7430697297
   0.9736070372   0.6991856383
   0.9745845543   0.7770276155
   0.9755620714   0.7842739452
   0.9765395885   0.7606765537
   0.9775171056   0.8104619684
   0.9784946227   0.7846283547
   0.9794721399   0.8369839049
   0.9804496570   0.8381169108
   0.9814271741   0.8650822012
   0.9824046912   0.8671667784
   0.9833822083   0.8239885421
   0.9843597254   0.8633500807
   0.9853372425   0.8660950796
   0.9863147596   0.8414676669
   0.9872922767   0.9236505842
   0.9882697938   0.8590717643
   0.9892473109   0.8704526883
   0.9902248280   0.9190245017
   0.9912023451   0.9526142593
   0.9921798622   0.9062044413
   0.9931573793   0.9353753259
   0.9941348964   0.9305504298
   0.9951124135   0.9661126899
   0.9960899306   0.9144609311
   0.9970674478   0.9945054591
   0.9980449649   0.9021268156
   0.9990224820   0.9775479510
   0.9999999991   0.9086036459
