              1  48.7461765694
              2   0.7050831241
              3   1.8369640069
              4   1.6473550939
              5 511.7919671772
              6   0.7993529264
              7   1.2023121645
              8   1.1008210689
              9   0.5511095662
             10   1.2109623930
             11   0.6067078941
             12   0.7479924387
             13   1.0485981722
             14   1.1009965985
             15   0.4303741247
             16   1.1395924730
             17   0.3642951737
             18   1.2250982923
             19   0.7784727497
             20   0.8771843794
             21   0.8529686772
             22   0.1375905729
             23   1.1056242915
             24   1.0159562000
             25   0.6392991838
             26   0.7381901121
             27   0.3967941653
             28   1.0691049715
             29   0.6153120421
             30   1.7397188632
             31   0.9354884800
             32   1.1395001334
             33   0.7987603558
             34   1.5888720909
             35   0.6305180510
             36   0.5251956751
             37   0.3460229256
             38   0.3175733778
             39   1.2318875996
             40   0.1579708120
             41   0.9738796671
             42   0.9250810926
             43   0.6147655287
             44   0.8049191706
             45   0.4750972276
             46   1.3414756821
             47   0.7970699467
             48   1.1531139103
             49   1.1951869222
             50   0.6277341443
             51   0.9964513320
             52   1.2742296507
             53   1.1253169711
             54   0.9676912968
             55   0.4002809027
             56   0.9988502299
             57   0.9898781896
             58   0.9927322137
             59   1.2171342124
             60   0.7646853935
             61   0.9015725408
             62   0.9770965420
             63   0.6981472538
             64   1.8925319627
             65   0.6138758463
             66   1.0065599848
             67   0.2588607254
             68   0.5552306226
             69   0.7463493724
             70   0.8038138163
             71   1.9412440767
             72   0.4445712262
             73   0.4407475000
             74   0.4210892832
             75   0.1400587377
             76   0.2082711440
             77   1.2141535062
             78   1.1180657710
             79   1.2477043841
             80   0.4891988905
             81   0.6252130926
             82   0.3669841831
             83   1.0975485730
             84   0.4161878763
             85   1.6625190031
             86   1.3543819442
             87   2.2778953367
             88   1.0691372244
             89   2.0314410448
             90   0.8280777754
             91   1.1946562161
             92   1.1515818699
             93   0.1236411109
             94   0.8316374286
             95   0.7370685636
             96   0.2345595235
             97   0.8154565376
             98   0.3913606119
             99   0.4288103444
            100   0.3065865730
            101   0.4280039239
            102   0.2695299528
            103   0.7355608398
            104   1.7954171851
            105   1.0199795594
            106   0.4285164234
            107   0.6309022281
            108   0.5659428785
            109   1.0951164666
            110   0.1248726029
            111   0.9963293575
            112   0.7780833123
            113   0.4339577775
            114   0.9223882705
            115   0.9717093474
            116   0.3659599670
            117   0.4072938492
            118   0.1795168464
            119   0.4202104520
            120   1.0041846669
            121   0.8370911577
            122   1.5935673319
            123   0.2818992489
            124   0.4511452460
            125   0.7167225083
            126   0.7072134336
            127   0.7833654691
            128   1.0188535702
            129   1.4131370353
            130   0.7500480303
            131   1.1373409878
            132   0.5418574330
            133   0.6482729997
            134   0.5764837778
            135   0.1902456572
            136   1.0151756440
            137   0.6321403401
            138   0.6261020154
            139   0.5096517266
            140   0.7930269664
            141   0.2793139321
            142   0.5205738820
            143   1.2280812701
            144   0.5180790823
            145   0.4035241614
            146   0.5909164466
            147   0.5678773566
            148   1.3781938584
            149   0.2263014580
            150   0.3018057437
            151   0.5474631949
            152   0.6068016923
            153   1.2133671950
            154   0.5801229451
            155   0.5756437645
            156   1.1718243164
            157   0.1809836454
            158   1.2485575557
            159   0.6821053055
            160   0.5353627966
            161   0.2476008162
            162   0.5205613096
            163   0.7669230881
            164   0.4547852695
            165   0.6205662949
            166   0.3332792182
            167   0.8474891039
            168   0.6911169476
            169   1.0584531470
            170   1.6177653258
            171   0.6792565312
            172   0.6505053173
            173   0.7351509959
            174   1.0499649733
            175   1.1442764633
            176   0.6545716802
            177   0.9222732435
            178   0.8559438744
            179   0.7905668185
            180   0.7698484906
            181   0.4452864012
            182   1.4008946216
            183   1.5206844079
            184   0.7580737586
            185   1.3856956648
            186   1.0962502912
            187   0.7546946337
            188   0.4820733614
            189   0.8254253196
            190   1.2036910408
            191   0.9875927321
            192   0.5168362706
            193   0.2918185280
            194   0.1963222874
            195   0.7659984588
            196   0.9043448646
            197   0.6245090899
            198   0.5994738932
            199   0.7968210650
            200   0.1815008643
            201   0.9591073946
            202   1.2045978178
            203   0.7459642760
            204   0.9302303010
            205   0.1820702168
            206   0.6583158833
            207   0.6239285941
            208   1.1682051147
            209   1.1628251259
            210   0.8416966619
            211   1.5503178653
            212   1.2559239472
            213   0.8818405066
            214   0.4209111377
            215   0.7636922933
            216   0.4398721595
            217   0.5284044077
            218   0.9238236876
            219   1.0319458855
            220   0.6778850845
            221   1.2076976463
            222   0.6417065357
            223   0.6114217333
            224   0.7989825454
            225   0.3604694236
            226   0.9039929151
            227   0.5856298651
            228   2.0809969767
            229   0.9601252969
            230   1.1190527619
            231   0.2052958343
            232   1.0691799188
            233   0.8328829522
            234   0.9047789777
            235   1.0949596238
            236   1.1093166092
            237   1.4535486342
            238   1.0249763853
            239   1.3407222897
            240   1.1881320424
            241   1.4923684447
            242   1.5529620558
            243   0.1475837336
            244   0.5981545581
            245   1.0426301870
            246   1.8583019296
            247   0.9592464264
            248   0.3600412938
            249   0.7704330123
            250   1.0825562914
            251   0.6811227869
            252   0.5291653246
            253   0.3699801673
            254   2.1271484355
            255   0.2714288077
            256   0.7888105639
            257   0.5485001113
            258   0.8372640389
            259   0.2953111070
            260   1.0296419406
            261   1.0665824448
            262   0.2930877089
            263   0.7527654718
            264   0.5291493413
            265   1.0514516714
            266   1.9763917788
            267   1.0548637275
            268   0.6860179695
            269   0.9285735407
            270   0.9212471466
            271   1.2737322203
            272   1.3748046482
            273   0.8942335611
            274   1.5102219161
            275   0.2713282599
            276   1.3692418584
            277   0.9415805547
            278   0.7213103354
            279   0.9443838909
            280   1.4596550000
            281   0.1230109062
            282   0.3748691340
            283   1.5684534945
            284   0.2603874761
            285   0.7029153126
            286   1.3448767992
            287   1.2688424418
            288   0.5695301619
            289   1.1793863566
            290   0.4162990641
            291   0.5995762470
            292   0.4134373733
            293   0.7854995138
            294   0.4631905544
            295   0.8830544439
            296   0.9528346967
            297   0.5760022666
            298   0.9005630214
            299   1.1834637712
            300   1.2083275542
            301   0.7327383939
            302   0.9274369717
            303   0.6630592591
            304   1.0117993930
            305   0.4633681374
            306   0.6813745925
            307   0.3760537880
            308   0.5695647109
            309   0.2112488025
            310   1.0083004879
            311   1.0766470408
            312   0.6271725070
            313   0.8452800917
            314   0.6433219420
            315   0.8113317029
            316   0.1898537035
            317   0.9726016933
            318   0.8353466412
            319   1.1500830998
            320   0.8946998008
            321   0.9557845465
            322   1.3895142086
            323   1.4336211664
            324   0.0437353199
            325   1.4742736467
            326   0.3029821260
            327   1.5859221354
            328   1.8035974358
            329   0.5297573437
            330   0.9614081284
            331   0.4438427636
            332   0.3019207806
            333   0.4092493115
            334   1.1111026306
            335   0.8417255654
            336   0.3601418540
            337   0.8807361227
            338   0.3738958944
            339   0.3359981304
            340   1.3124344402
            341   0.1944801511
            342   1.6894232936
            343   1.1951071912
            344   1.3151635530
            345   1.7766285330
            346   0.5444540125
            347   0.3322857451
            348   0.2654828808
            349   0.1839015806
            350   0.2102481602
            351   0.0627502104
            352   0.2932584071
            353   0.2304229869
            354   0.6446803436
            355   0.0686542585
            356   1.5039994045
            357   1.0493029403
            358   0.4546711254
            359   0.6597673564
            360   1.0879386794
            361   0.9222626425
            362   1.0604978054
            363   1.5204810113
            364   1.1541502399
            365   1.0325578377
            366   1.0635918089
            367   0.9210027119
            368   0.8882411899
            369   0.1682337264
            370   1.1896872455
            371   0.9516088494
            372   0.7237730503
            373   0.6871014419
            374   0.8434653342
            375   0.9049429023
            376   0.6031310165
            377   0.1116445467
            378   0.4382844212
            379   0.4630161167
            380   1.2362095607
            381   0.7171272181
            382   0.6156975296
            383   1.0105750240
            384   0.2560521549
            385   0.2316002212
            386   0.2047997894
            387   1.4399589671
            388   0.4825971692
            389   0.2631810499
            390   0.4964351848
            391   2.1276036032
            392   0.6343163129
            393   0.5937218911
            394   0.6816964910
            395   1.0448949099
            396   0.6133423947
            397   1.3071905218
            398   0.3292084549
            399   1.0985931778
            400   0.8536048051
            401   0.9752323583
            402   1.3605718310
            403   1.3534866344
            404   0.7935284995
            405   0.4646875398
            406   0.4256584813
            407   1.1071925299
            408   1.5189281103
            409   1.5199764328
            410   0.7977990551
            411   0.8109790212
            412   0.0858663486
            413   1.3075772188
            414   0.6098763341
            415   0.3976527541
            416   0.5395099695
            417   0.6616402183
            418   0.6976456323
            419   1.5100644023
            420   1.7128085424
            421   1.3719209845
            422   0.5782187487
            423   0.6191685979
            424   0.3490319679
            425   1.1958303688
            426   1.2740603230
            427   0.3284081486
            428   1.0331968158
            429   0.8151843901
            430   1.4953276567
            431   0.9681647941
            432   1.1084067540
            433   0.5597992659
            434   1.4118587866
            435   0.5397512651
            436   1.2648645343
            437   0.9780607208
            438   0.8341402799
            439   0.8269678704
            440   0.3761894306
            441   0.7683743491
            442   0.8143953913
            443   0.4076527527
            444   1.7041035213
            445   0.7157704837
            446   0.5526574544
            447   0.5717680526
            448   0.6548858180
            449   0.6675157884
            450   0.7691099184
            451   1.0514418087
            452   0.5309389537
            453   0.7783200114
            454   0.3559565666
            455   1.8692372392
            456   1.2750569767
            457   0.4817241176
            458   1.1604737473
            459   0.8527001046
            460   1.3619458601
            461   0.8828214263
            462   1.1597063163
            463   1.1365630144
            464   0.9580767346
            465   0.5509615293
            466   0.7588887289
            467   0.4666506213
            468   0.7750635834
            469   1.2438522406
            470   0.2936521025
            471   1.3946214538
            472   0.9780139570
            473   1.0632721164
            474   0.3176194814
            475   1.5735676985
            476   0.2315135792
            477   0.3030258260
            478   0.6556898896
            479   1.7197623198
            480   0.5939534448
            481   0.7938015093
            482   1.8085249470
            483   1.4569707203
            484   0.2319087866
            485   1.0894639918
            486   1.5013478938
            487   1.3741503228
            488   1.5353326347
            489   0.8550399800
            490   0.9317215631
            491   0.7011285495
            492   0.3058075872
            493   0.7660714700
            494   1.2739593005
            495   1.2545825024
            496   1.7873796615
            497   0.5268069831
            498   1.1008613074
            499   0.2237047234
            500   1.0661842467
            501   0.6196459203
            502   0.7513942099
            503   1.3957654207
            504   1.4529089284
            505   0.7242629212
            506   0.3370120417
            507   1.3010227314
            508   0.6379830054
            509   0.7036102917
            510   0.5336642572
            511   0.6659585394
            512   1.2073920660
            513   0.8710775617
