              1   0.0000029258
              2   0.0065379268
              3   0.0130766701
              4   0.0196170492
              5   0.0261598825
              6   0.0327059896
              7   0.0392561919
              8   0.0458113125
              9   0.0523721765
             10   0.0589396118
             11   0.0655144494
             12   0.0720975234
             13   0.0786896717
             14   0.0852917363
             15   0.0919045638
             16   0.0985290056
             17   0.1051659185
             18   0.1118161650
             19   0.1184806137
             20   0.1251601397
             21   0.1318556251
             22   0.1385679595
             23   0.1452980402
             24   0.1520467729
             25   0.1588150721
             26   0.1656038614
             27   0.1724140742
             28   0.1792466540
             29   0.1861025550
             30   0.1929827428
             31   0.1998881945
             32   0.2068198996
             33   0.2137788602
             34   0.2207660922
             35   0.2277826250
             36   0.2348295029
             37   0.2419077852
             38   0.2490185470
             39   0.2561628800
             40   0.2633418929
             41   0.2705567122
             42   0.2778084831
             43   0.2850983698
             44   0.2924275568
             45   0.2997972492
             46   0.3072086738
             47   0.3146630798
             48   0.3221617398
             49   0.3297059505
             50   0.3372970339
             51   0.3449363379
             52   0.3526252376
             53   0.3603651363
             54   0.3681574663
             55   0.3760036904
             56   0.3839053028
             57   0.3918638303
             58   0.3998808336
             59   0.4079579087
             60   0.4160966881
             61   0.4242988422
             62   0.4325660807
             63   0.4409001545
             64   0.4493028567
             65   0.4577760247
             66   0.4663215417
             67   0.4749413385
             68   0.4836373955
             69   0.4924117446
             70   0.5012664709
             71   0.5102037155
             72   0.5192256770
             73   0.5283346145
             74   0.5375328493
             75   0.5468227682
             76   0.5562068255
             77   0.5656875462
             78   0.5752675288
             79   0.5849494483
             80   0.5947360595
             81   0.6046302003
             82   0.6146347952
             83   0.6247528591
             84   0.6349875012
             85   0.6453419289
             86   0.6558194524
             87   0.6664234890
             88   0.6771575679
             89   0.6880253353
             90   0.6990305595
             91   0.7101771367
             92   0.7214690967
             93   0.7329106093
             94   0.7445059905
             95   0.7562597096
             96   0.7681763966
             97   0.7802608497
             98   0.7925180434
             99   0.8049531375
            100   0.8175714858
            101   0.8303786462
            102   0.8433803905
            103   0.8565827158
            104   0.8699918554
            105   0.8836142918
            106   0.8974567693
            107   0.9115263078
            108   0.9258302180
            109   0.9403761167
            110   0.9551719436
            111   0.9702259794
            112   0.9855468646
            113   1.0011436200
            114   1.0170256683
            115   1.0332028575
            116   1.0496854857
            117   1.0664843278
            118   1.0836106639
            119   1.1010763104
            120   1.1188936522
            121   1.1370756787
            122   1.1556360216
            123   1.1745889959
            124   1.1939496440
            125   1.2137337831
            126   1.2339580572
            127   1.2546399918
            128   1.2757980550
            129   1.2974517215
            130   1.3196215442
            131   1.3423292299
            132   1.3655977233
            133   1.3894512967
            134   1.4139156497
            135   1.4390180155
            136   1.4647872794
            137   1.4912541067
            138   1.5184510832
            139   1.5464128698
            140   1.5751763713
            141   1.6047809225
            142   1.6352684938
            143   1.6666839165
            144   1.6990751329
            145   1.7324934730
            146   1.7669939607
            147   1.8026356542
            148   1.8394820250
            149   1.8776013800
            150   1.9170673337
            151   1.9579593357
            152   2.0003632643
            153   2.0443720918
            154   2.0900866363
            155   2.1376164101
            156   2.1870805807
            157   2.2386090630
            158   2.2923437620
            159   2.3484399936
            160   2.4070681110
            161   2.4684153745
            162   2.5326881080
            163   2.6001141929
            164   2.6709459655
            165   2.7454635940
            166   2.8239790314
            167   2.9068406620
            168   2.9944387877
            169   3.0872121361
            170   3.1856556217
            171   3.2903296476
            172   3.4018713197
            173   3.5210080476
            174   3.6485741448
            175   3.7855312325
            176   3.9329935015
            177   4.0922592386
            178   4.2648505079
            179   4.4525635588
            180   4.6575335040
            181   4.8823182119
            182   5.1300084221
            183   5.4043741719
            184   5.7100623142
            185   6.0528672110
            186   6.4401083111
            187   6.8811673177
            188   7.3882696063
            189   7.9776500884
            190   8.6713438949
            191   9.5000308682
            192  10.5077360635
            193  11.7599715290
            194  13.3586671425
            195  15.4715611316
            196  18.3955320837
            197  22.7105022257
            198  29.7223154315
            199  43.1159382200
            200  78.9057574875
            201 480.7608068578
            202 116.3902873792
            203  51.6863482197
            204  33.1206705371
            205  24.3113114293
            206  19.1662363725
            207  15.7915582738
            208  13.4067043083
            209  11.6311641054
            210  10.2572976154
            211   9.1621764037
            212   8.2683816199
            213   7.5247276088
            214   6.8960181555
            215   6.3572550855
            216   5.8901940164
            217   5.4812076791
            218   5.1199121346
            219   4.7982559460
            220   4.5098999708
            221   4.2497850515
            222   4.0138243843
            223   3.7986805383
            224   3.6016011427
            225   3.4202959889
            226   3.2528438602
            227   3.0976210255
            228   2.9532457379
            229   2.8185347106
            230   2.6924686585
            231   2.5741647757
            232   2.4628545744
            233   2.3578659035
            234   2.2586082559
            235   2.1645606835
            236   2.0752617951
            237   1.9903014299
            238   1.9093136882
            239   1.8319710683
            240   1.7579795085
            241   1.6870741776
            242   1.6190158825
            243   1.5535879924
            244   1.4905937925
            245   1.4298542008
            246   1.3712057897
            247   1.3144990667
            248   1.2595969744
            249   1.2063735795
            250   1.1547129214
            251   1.1045079997
            252   1.0556598808
            253   1.0080769072
            254   0.9616739964
            255   0.9163720173
            256   0.8720972349
            257   0.8287808133
            258   0.7863583714
            259   0.7447695839
            260   0.7039578221
            261   0.6638698311
            262   0.6244554370
            263   0.5856672829
            264   0.5474605887
            265   0.5097929337
            266   0.4726240578
            267   0.4359156802
            268   0.3996313344
            269   0.3637362159
            270   0.3281970434
            271   0.2929819303
            272   0.2580602667
            273   0.2234026099
            274   0.1889805839
            275   0.1547667846
            276   0.1207346930
            277   0.0868585937
            278   0.0531134980
            279   0.0194750730
            280   0.0140804277
            281   0.0475762221
            282   0.0810350681
            283   0.1144793142
            284   0.1479309569
            285   0.1814116916
            286   0.2149429635
            287   0.2485460152
            288   0.2822419336
            289   0.3160516953
            290   0.3499962101
            291   0.3840963654
            292   0.4183730676
            293   0.4528472849
            294   0.4875400888
            295   0.5224726955
            296   0.5576665079
            297   0.5931431568
            298   0.6289245437
            299   0.6650328830
            300   0.7014907457
            301   0.7383211037
            302   0.7755473752
            303   0.8131934714
            304   0.8512838447
            305   0.8898435383
            306   0.9288982384
            307   0.9684743275
            308   1.0085989409
            309   1.0493000253
            310   1.0906064005
            311   1.1325478240
            312   1.1751550594
            313   1.2184599483
            314   1.2624954865
            315   1.3072959046
            316   1.3528967533
            317   1.3993349952
            318   1.4466491008
            319   1.4948791524
            320   1.5440669540
            321   1.5942561499
            322   1.6454923504
            323   1.6978232680
            324   1.7512988625
            325   1.8059714976
            326   1.8618961098
            327   1.9191303896
            328   1.9777349779
            329   2.0377736782
            330   2.0993136856
            331   2.1624258358
            332   2.2271848748
            333   2.2936697520
            334   2.3619639393
            335   2.4321557780
            336   2.5043388586
            337   2.5786124343
            338   2.6550818739
            339   2.7338591586
            340   2.8150634260
            341   2.8988215685
            342   2.9852688922
            343   3.0745498427
            344   3.1668188066
            345   3.2622409987
            346   3.3609934444
            347   3.4632660706
            348   3.5692629188
            349   3.6792034972
            350   3.7933242905
            351   3.9118804487
            352   4.0351476818
            353   4.1634243886
            354   4.2970340551
            355   4.4363279628
            356   4.5816882550
            357   4.7335314174
            358   4.8923122396
            359   5.0585283377
            360   5.2327253317
            361   5.4155027923
            362   5.6075210933
            363   5.8095093347
            364   6.0222745372
            365   6.2467123525
            366   6.4838195891
            367   6.7347089236
            368   7.0006262551
            369   7.2829712740
            370   7.5833219631
            371   7.9034639341
            372   8.2454257547
            373   8.6115217400
            374   9.0044041183
            375   9.4271270559
            376   9.8832258117
            377  10.3768153629
            378  10.9127143290
            379  11.4966021030
            380  12.1352200563
            381  12.8366319481
            382  13.6105649106
            383  14.4688616791
            384  15.4260888449
            385  16.5003677609
            386  17.7145293665
            387  19.0977504895
            388  20.6879233132
            389  22.5351721909
            390  24.7072228785
            391  27.2978720802
            392  30.4408682656
            393  34.3337179832
            394  39.2808180772
            395  45.7770812597
            396  54.6846339970
            397  67.6509595649
            398  88.2668976545
            399 126.1305322346
            400 218.4403488417
            401 782.9357064703
            402 506.4456600197
            403 193.1143867072
            404 119.9796699122
            405  87.3765861448
            406  68.9230969094
            407  57.0512620694
            408  48.7735306968
            409  42.6728888694
            410  37.9907106619
            411  34.2841686886
            412  31.2773988179
            413  28.7895890149
            414  26.6972871682
            415  24.9133268277
            416  23.3744082661
            417  22.0334533039
            418  20.8547219538
            419  19.8105929958
            420  18.8793825742
            421  18.0438302657
            422  17.2900259050
            423  16.6066343920
            424  15.9843262189
            425  15.4153527252
            426  14.8932249102
            427  14.4124674980
            428  13.9684284576
            429  13.5571299188
            430  13.1751503544
            431  12.8195306371
            432  12.4876985121
            433  12.1774074056
            434  11.8866864930
            435  11.6137996808
            436  11.3572117008
            437  11.1155599159
            438  10.8876307483
            439  10.6723398677
            440  10.4687154586
            441  10.2758840225
            442  10.0930582780
            443   9.9195268057
            444   9.7546451517
            445   9.5978281550
            446   9.4485433072
            447   9.3063049857
            448   9.1706694301
            449   9.0412303510
            450   8.9176150814
            451   8.7994811940
            452   8.6865135194
            453   8.5784215109
            454   8.4749369111
            455   8.3758116783
            456   8.2808161422
            457   8.1897373586
            458   8.1023776376
            459   8.0185532273
            460   7.9380931303
            461   7.8608380412
            462   7.7866393889
            463   7.7153584721
            464   7.6468656785
            465   7.5810397775
            466   7.5177672791
            467   7.4569418515
            468   7.3984637915
            469   7.3422395421
            470   7.2881812529
            471   7.2362063786
            472   7.1862373113
            473   7.1382010449
            474   7.0920288671
            475   7.0476560766
            476   7.0050217240
            477   6.9640683730
            478   6.9247418811
            479   6.8869911978
            480   6.8507681780
            481   6.8160274103
            482   6.7827260588
            483   6.7508237160
            484   6.7202822684
            485   6.6910657704
            486   6.6631403293
            487   6.6364739980
            488   6.6110366756
            489   6.5868000162
            490   6.5637373433
            491   6.5418235716
            492   6.5210351342
            493   6.5013499150
            494   6.4827471866
            495   6.4652075529
            496   6.4487128953
            497   6.4332463246
            498   6.4187921353
            499   6.4053357639
            500   6.3928637515
            501   6.3813637086
            502   6.3708242832
            503   6.3612351322
            504   6.3525868956
            505   6.3448711723
            506   6.3380805002
            507   6.3322083371
            508   6.3272490449
            509   6.3231978761
            510   6.3200509615
            511   6.3178053017
            512   6.3164587594
            513   6.3160100541
